Barcelona,38,28,4,6,102,39,63
Liverpool,38,25,9,4,86,41,45
Real Madrid,38,26,6,6,78,38,40
Ath Madrid,38,22,10,6,68,30,38
Arsenal,38,20,14,4,69,34,35
Man City,38,21,8,9,72,44,28
Ath Bilbao,38,19,13,6,54,29,25
Chelsea,38,20,9,9,64,43,21
Newcastle,38,20,6,12,68,47,21
Villarreal,38,20,10,8,71,51,20
Bournemouth,38,15,11,12,58,46,12
Nott'm Forest,38,19,8,11,58,46,12
Brentford,38,16,8,14,66,57,9
Brighton,38,16,13,9,66,59,7
Aston Villa,38,19,9,10,58,51,7
Betis,38,16,12,10,57,50,7
Celta,38,16,7,15,59,57,2
Crystal Palace,38,13,14,11,51,51,0
Fulham,38,15,9,14,54,54,0
Tottenham,38,11,5,22,64,65,-1
Everton,38,11,15,12,42,44,-2
Vallecano,38,13,13,12,41,45,-4
Osasuna,38,12,16,10,48,52,-4
Getafe,38,11,9,18,34,39,-5
Mallorca,38,13,9,16,35,44,-9
Alaves,38,10,12,16,38,48,-10
Man United,38,11,9,18,44,54,-10
Valencia,38,11,13,14,44,54,-10
Espanol,38,11,9,18,40,51,-11
Sociedad,38,13,7,18,35,46,-11
Sevilla,38,10,11,17,42,55,-13
Wolves,38,12,6,20,54,69,-15
West Ham,38,11,10,17,46,62,-16
Girona,38,11,8,19,44,60,-16
Leganes,38,9,13,16,39,56,-17
Las Palmas,38,8,8,22,40,61,-21
Ipswich,38,4,10,24,36,82,-46
Leicester,38,6,7,25,33,80,-47
Southampton,38,2,6,30,26,86,-60
Valladolid,38,4,4,30,26,90,-64
